"Abyssal Cry",深渊战吼
"Word of Blades",刀锋之誓
"Edict of Blades",刀锋之律
"Decree of Blades",刀锋之令
"Commandment of Blades",刀锋之诫
"Word of Flames",烈火之誓
"Edict of Flames",烈火之律
"Decree of Flames",烈火之令
"Commandment of Flames",烈火之诫
"Word of Force",原力之誓
"Edict of Force",原力之律
"Decree of Force",原力之令
"Commandment of Force",原力之诫
"Word of Frost",寒冰之誓
"Edict of Frost",寒冰之律
"Decree of Frost",寒冰之令
"Commandment of Frost",寒冰之诫
"Word of Fury",狂怒之誓
"Edict of Fury",狂怒之律
"Decree of Fury",狂怒之令
"Commandment of Fury",狂怒之诫
"Word of Inferno",炼狱之誓
"Edict of Inferno",炼狱之律
"Decree of Inferno",炼狱之令
"Commandment of Inferno",炼狱之诫
"Word of Ire",雷霆之誓
"Edict of Ire",雷霆之律
"Decree of Ire",雷霆之令
"Commandment of Ire",雷霆之诫
"Word of Light",光之誓
"Edict of Light",光之律
"Decree of Light",光之令
"Commandment of Light",光之诫
"Word of Reflection",倒影之誓
"Edict of Reflection",倒影之律
"Decree of Reflection",倒影之令
"Commandment of Reflection",倒影之诫
"Word of Spite",怨恨之誓
"Edict of Spite",怨恨之律
"Decree of Spite",怨恨之令
"Commandment of Spite",怨恨之诫
"Word of the Tempest",风暴之誓
"Edict of the Tempest",风暴之律
"Decree of the Tempest",风暴之令
"Commandment of the Tempest",风暴之诫
"Word of the Grave",冰墓之誓
"Edict of the Grave",冰墓之律
"Decree of the Grave",冰墓之令
"Commandment of the Grave",冰墓之诫
"Word of Thunder",雷电之誓
"Edict of Thunder",雷电之律
"Decree of Thunder",雷电之令
"Commandment of Thunder",雷电之诫
"Word of War",战争之誓
"Edict of War",战争之律
"Decree of War",战争之令
"Commandment of War",战争之诫
"Word of Winter",冬之誓
"Edict of Winter",冬之律
"Decree of Winter",冬之令
"Default Attack",普通攻击
Mortar,迫击炮
"Abberath's Fury",艾贝拉斯之怒
"Aspect of the Avian",鸟之势
"Aspect of the Cat",猫之势
"Aspect of the Crab",蟹之势
"Aspect of the Spider",蛛之势
"Bone Nova",裂骨新星
"Cold Aegis",凝冰守护
Consecrate,奉献
"Create Lesser Shrine",创造低等神龛
"Death Walk",泯灭之舞
"Doryani's Touch",多里亚尼之触
"Elemental Aegis",元素守护
"Elemental Warding",元素守卫
"Fire Aegis",烈焰守护
"Fire Burst",火焰爆破
Icestorm,冰风暴
"Icicle Burst",爆环冰刺
"Illusory Warp",幻象传送
"Lightning Aegis",闪电护盾
"Lightning Bolt",雷霆万钧
"Manifest Dancing Dervish",召唤幻化之刃德尔维希
"Molten Burst"," 熔岩爆破"
"Raise Spiders",召唤毒蛛
"Shade Form",暗影姿态
"Shock Ground",感电地面
"Spirit Burst",精神冲击
"Storm Cascade",风暴突袭
"Summon Bestial Rhoa",召唤兽化恐喙鸟
"Summon Bestial Snake",召唤兽化巨蛇
"Summon Bestial Ursa",召唤兽化之爪
"Spectral Spirits","幽鬼之灵 "
"Summon Harbinger of the Arcane",召唤秘法先驱者
"Summon Harbinger of Brutality",召唤残暴先驱者
"Summon Harbinger of Directions",召唤射术先驱者
"Summon Harbinger of Focus",召唤不屈先驱者
"Summon Harbinger of Storms",召唤冰雷先驱者
"Summon Harbinger of Time",召唤时空先驱者
"Summon Spectral Wolf",召唤幽狼
"Tentacle Whip",藤蔓抽击
"Bone Mortar",白岩炮塔
Plague,疫源
"Rune Blast",爆裂符纹
"Feast of Flesh",血肉盛宴
"Call of Steel",钢铁呼唤
Combust,燃尽
Brandsurge,烙印喷涌
"Embrace Madness",疯狂之拥
"Fog of War",战争迷雾
"Stalking Pustule",尾随之疮
"Tawhoa's Chosen",塔赫亚神选
"Physical Aegis",物理护盾
"Corpse Walk",灵柩行走
"Death Wish",死亡之愿
"Animate Guardian's Weapon",幻化守卫武器
Reflection,反射
"Unseen Strike",隐形打击
"Summon Greater Harbinger of the Arcane",召唤高等秘法先驱者
"Summon Greater Harbinger of Brutality",召唤高等残暴先驱者
"Summon Greater Harbinger of Directions",召唤高等射术先驱者
"Summon Greater Harbinger of Focus",召唤高等不屈先驱者
"Summon Greater Harbinger of Storms",召唤高等冰雷先驱者
"Summon Greater Harbinger of Time",召唤高等时空先驱者
"Summon Taunting Contraption",召唤嘲讽装置
"Shield Shatter",破盾击
"Void Gaze",虚空凝视
"Signal Prey",掠食信标
"Doom Blast",末日爆炸
"Void Shot",虚空射击
"Arcane Wake",秘术苏醒
"Atlas Riftwalk",异界迷踪
"Barrel Explosion",火力爆裂
"Bleed Nova",流血冰霜
"Commandment of Winter",冬之诫
"Consume Bones",吞噬骇骨
Contaminate,玷污
"Curse Consume",诅咒强化
"Curse Transfer",诅咒转移
"Damage On Movement Skill Use Aura",使用位移技能时受到伤害光环
"Darktongue's Kiss",暗语之吻
"Doom Arrow",厄运箭矢
"Empowering Howl",增强怒嚎
"Face Last Target",面对最后目标
"Fiery Impact",火烈冲击
"FigureHead Incinerate",头像燃尽
"Fire Elemental Cone",火元素炎锥
"Fire Nova Mine",火焰新星地雷
"Fire Projectile Retaliation",火焰反击投射
"Flame Breath",火焰之息
"Flask Charge Nova",药剂充能冰霜
"Flicker Thrust",闪光突刺
Focus,专注
"Freeze Mine",冰冻地雷
"Frost Bolt Channel",持续施放寒冰弹
"Glimpse of Eternity",永恒窥视
"Goddess Beam",女神光束
"Goddess Warp",女神传送
"Gore Shockwave",涂炭震波
"Ice Elemental Spear",冰元素尖矛
Ignite,点燃
"Inca Boss Freezing Pulse",印加头目急冻波
"Increased Damage Taken Aura",增加受到伤害光环
"Izaro Warp",伊泽洛传送
Kill,击败
"Lightning Clone Retaliation",闪电反击复制之体
"Petrification Statue",召唤石化雕像
"Physical Degeneration Aura",持续物理伤害光环
"Physical Projectile Retaliation",物理反击投射
"Piety Beam",派蒂光束
"Piety Reverse Cleave",派蒂反向劈砍
"Primal Aegis",原能护盾
"Rain Of Blades",刀雨
"Range Finder",距离探测
"Rending Steel (NOT CURRENTLY USED)",裂肉铁刃（非当前使用）
"Slow Aura",缓速光环
"Storm Cloud Lightning Warp",暴雨云闪电传送
"Summon Doedre's Effigy",召唤德瑞的雕像
"Talisman Degen",魔符诅咒
"Talisman Summon Lightning Spiral",魔符召唤电涡
Taunt,嘲讽
"Thirst for Blood",鲜血渴求
Throw,投掷
"Throw Dynamite",投掷炸药
"Throw Flare",投掷照明弹
"Touch Of God",天谴之拳
Unhinge,精神失常
Unnamed2,未命名
"Vaal Fire Trap",瓦尔.火焰陷阱
"Vaal Vitality",瓦尔.活力
"Vinktar Lightning Bond",闪电链结
"Volatile Anomaly",异动奇点
"Whirling Leap",回旋跃击
"Blood Sacrament",赤色誓言
"Flames of Judgement",审判烈焰
"Queen's Demand",女王敕令
"Storm of Judgement",审判风暴
"Summon Arbalists",召唤劲弩
Twister,混沌之风
Absolution,赦罪
"Alchemist's Mark",炼金师印记
Ambush,伏击
"Ancestral Blademaster",先祖大剑师
"Ancestral Cry",先祖战吼
"Ancestral Protector",先祖卫士
"Ancestral Warchief",先祖战士长
Anger,愤怒
"Animate Guardian",幻化守卫
"Animate Weapon",幻化武器
"Approaching Flames",烈焰之触
Arc,电弧
"Arcane Cloak",奥术斗篷
"Arcanist Brand",奥法烙印
"Arctic Armour",极地装甲
"Armageddon Brand",末日烙印
"Artillery Ballista",火力弩炮
"Assassin's Mark",暗影印记
Backstab,背刺
"Ball Lightning",天雷之珠
Bane,混沌之毒
Barrage,弹幕
"Battlemage's Cry",魔武战号
"Bear Trap",捕熊陷阱
Berserk,盛怒
"Blade Blast",乱剑穿心
"Blade Flurry",刀刃乱舞
"Blade Trap",剑刃陷阱
"Blade Vortex",飞刃风暴
Bladefall,虚空刀雨
Bladestorm,剑刃风暴
"Blast Rain",爆裂箭雨
"Blazing Salvo",怒炎穿心
Blight,枯萎
"Blinding Aura",失明光环
"Blink Arrow",闪现射击
"Blood and Sand",血与沙
"Blood Offering",血脉奉献
"Blood Rage",狂野怒火
Bodyswap,灵体转换
"Bone Armour",骨制战甲
"Bone Offering",装甲奉献
Boneshatter,七伤破
"Brand Recall",烙印召回
"Burning Arrow",燃烧箭矢
"Capture Monster",捕获魔物
"Caustic Arrow",腐蚀箭矢
"Chain Hook",钩链攻击
"Charged Dash",蓄力疾风闪
Clarity,清晰
Cleave,劈砍
"Cobra Lash",毒蛇鞭击
"Cold Snap",霜暴
Conductivity,导电
"Consecrated Path",奉献之路
Contagion,顽疾
"Conversion Trap",迷魅陷阱
Convocation,号召
"Corrupting Fever",腐灼热瘟
"Crackling Lance",电殛长枪
"Creeping Frost",电光寒霜
Cremation,火葬
Cyclone,旋风斩
"Damage Infusion",伤害灌注
"Dark Pact",暗夜契约
Dash,冲刺
"Death Aura",死神光环
"Decoy Totem",诱饵图腾
"Defiance Banner",抗争之旗
Desecrate,亵渎
Despair,绝望
"Destructive Link",毁灭羁绊
Determination,瓦尔.坚定
"Detonate Dead",爆灵术
"Detonate Mines",引爆地雷
"Devouring Totem",吞噬图腾
"Direct Ants",引导蚁群
Discharge,解放
Discipline,纪律
"Divine Ire",圣怨
"Dominating Blow",霸气之击
"Double Strike",双重打击
"Dread Banner",恐怖之旗
"Dual Strike",双持打击
Earthquake,震地
Earthshatter,尖刺战吼
"Elemental Hit",元素打击
"Elemental Projectiles",元素投射
"Elemental Weakness",元素要害
"Enduring Cry",坚决战吼
"Energy Blade",能量之刃
Enfeeble,衰弱
"Ensnaring Arrow",诱捕之箭
Envy,嫉妒
"Essence Drain",精华吸取
"Ethereal Knives",虚空匕首
"Explosive Arrow",爆炸箭矢
"Explosive Concoction",爆破灵药
"Explosive Trap",爆炸陷阱
Exsanguinate,赤炼魔光
"Eye of Winter",凛冬之眼
"Fire Trap",火焰陷阱
"Fire Weapon",烈焰武器
Fireball,火球
Firestorm,烈炎风暴
"Flame Dash",烈焰冲刺
"Flame Link",烈炎羁绊
"Flame Surge",怒焰奔腾
"Flame Wall",烈焰之墙
Flameblast,烈焰爆破
"Flamethrower Trap",掷火陷阱
Flammability,易燃
"Flammable Shot",诱燃射击
"Flesh and Stone",血肉与岩石
"Flesh Offering",血肉奉献
"Flicker Strike",闪现打击
"Forbidden Rite",禁断典仪
"Freezing Pulse",冰霜脉冲
Frenzy,狂怒
"Frost Blades",冰霜之刃
"Frost Bomb",寒霜爆
"Frost Shield",冰霜护盾
"Frost Wall",冰墙
Frostbite,冻伤
Frostblink,冰霜闪现
Frostbolt,寒冰弹
"Frozen Legion",冰封军团
"Frozen Sweep",冰封横扫
"Galvanic Arrow",电光箭
"Galvanic Field",电流场
"General's Cry",将军之吼
"Glacial Cascade",冰川之刺
"Glacial Hammer",冰霜之锤
"Gluttony of Elements",元素之愈
Grace,优雅
"Ground Slam",裂地之击
Haste,迅捷
Hatred,憎恨
"Heavy Strike",重击
"Herald of Agony",苦痛之捷
"Herald of Ash",灰烬之捷
"Herald of Blood",赤血之捷
"Herald of Ice",寒冰之捷
"Herald of Purity",纯净之捷
"Herald of Thunder",闪电之捷
Hexblast,魔蛊爆炸
"Holy Flame Totem",圣焰图腾
Hydrosphere,水源法球
"Ice Crash",寒冰冲击
"Ice Nova",冰霜新星
"Ice Shot",冰霜射击
"Ice Spear",冰矛
"Ice Trap",冰冻陷阱
Icefire,霜火
"Icicle Mine",冰锥地雷
"Immortal Call",不朽怒嚎
Incinerate,烧毁
"Infernal Blow",炼狱之击
"Infernal Cry",炽焰战吼
"Infernal Sweep",炼狱裂击
"Intimidating Cry",威吓战吼
"Intuitive Link",直觉羁绊
"Kinetic Blast",力量爆破
"Kinetic Bolt",念动飞箭
Lacerate,破空斩
"Lancing Steel",断金之刃
"Leap Slam",跃击
"Lightning Arrow",闪电箭矢
"Lightning Conduit",闪电通道
"Lightning Spire Trap",电塔陷阱
"Lightning Strike",闪电打击
"Lightning Tendrils",电能释放
"Lightning Trap",闪电陷阱
"Lightning Warp",闪电传送
Malevolence,怨毒光环
Manabond,缚魔电殛
"Manifest Dancing Dervishes","召唤幻化之刃德尔维希  "
"Mirror Arrow",镜像射击
"Molten Shell",熔岩护盾
"Molten Strike",熔岩之击
"Orb of Storms",风暴漩涡
"Penance Brand",忏悔烙印
Perforate,凿击
"Pestilent Strike",致疫打击
"Petrified Blood",赤血凝结
"Phase Run",暗影迷踪
"Plague Bearer",灾难使徒
"Poacher's Mark",盗猎者印记
"Poisonous Concoction",毒爆灵药
Polymorph,变形
Portal,时空之门
"Power Siphon",力量抽取
Precision,精准
Pride,尊严
"Protective Link",防御羁绊
Puncture,放血
Punishment,惩戒
"Purifying Flame",净化烈焰
"Purity of Elements",元素净化
"Purity of Fire",火焰净化
"Purity of Ice",冰霜净化
"Purity of Lightning",闪电净化
"Pyroclast Mine",火屑地雷
"Rage Vortex",怒火漩涡
"Rain of Arrows",箭雨
"Raise Spectre",召唤灵体
"Raise Zombie",魔卫复苏
"Rallying Cry",激励战吼
Reap,赤炼收割
Reave,冲击波
Reckoning,清算
"Rejuvenation Totem",回春图腾
"Righteous Fire",正义之火
"Righteous Lightning",正义怒雷
Riposte,击刃
Riptide,激流
"Rolling Magma",熔岩奔涌
"Scorching Ray",灼热光线
"Scourge Arrow",天灾之箭
"Searing Bond",灼热连接
"Seismic Cry",震地战吼
"Seismic Trap",震波陷阱
"Shadow Blades",幻影之刃
"Shattering Steel",破碎铁刃
"Shield Charge",重盾冲锋
"Shield Crush",盾牌碾压
"Shock Nova",闪电新星
Shockwave,震波
"Shockwave Totem",震波图腾
"Shrapnel Ballista",散射弩炮
"Siege Ballista",攻城炮台
"Sigil of Power",威能法印
"Siphoning Trap",虹吸陷阱
Smite,惩击
"Smoke Mine",烟雾地雷
Snipe,狙击
"Sniper's Mark",狙击印记
"Soul Link",灵魂羁绊
Soulrend,裂魂术
Spark,电球
"Spectral Helix",灵幻旋斩
"Spectral Shield Throw",灵盾投掷
"Spectral Spinning Weapon",灵体武器
"Spectral Throw",灵体投掷
Spellslinger,法术节魔
"Spirit Offering",灵魂奉献
"Split Arrow",分裂箭矢
"Splitting Steel",分裂钢刃
"Static Strike",充能打击
"Static Tether",静电锁链
Steelskin,钢铁之肤
"Storm Brand",风暴烙印
"Storm Burst",裂风雷球
"Storm Call",风暴呼唤
"Storm Rain",暴雨箭
Stormbind,缚雷之纹
"Stormblast Mine",雷暴地雷
"Summon Carrion Golem",召唤腐化魔像
"Summon Chaos Golem",召唤混沌魔像
"Summon Flame Golem",召唤烈焰魔像
"Summon Holy Relic",召唤圣物
"Summon Ice Golem",召唤寒冰魔像
"Summon Lightning Golem",召唤闪电魔像
"Summon Phantasm",召唤幻灵
"Summon Raging Spirit",召唤愤怒狂灵
"Summon Reaper",召唤追命死灵
"Summon Skeletons",召唤魔侍
"Summon Skeletons Channelled",召唤魔侍(吟唱)
"Summon Skitterbots",召唤飞掠者
"Summon Stone Golem",召唤巨石魔像
Sunder,大地震击
Sweep,横扫
"Table Charge",盾猛冲锋
"Tectonic Slam",破釜一击
"Tempest Shield",暴风之盾
"Temporal Chains",时空锁链
"Temporal Rift",时空裂隙
Tornado,龙卷旋风
"Tornado Shot",龙卷射击
"Toxic Rain",毒雨
Unearth,亵渎之矛
"Vaal Ancestral Warchief",瓦尔.先祖战士长
"Vaal Arc",瓦尔.电弧
"Vaal Blade Flurry",瓦尔：刀刃乱舞
"Vaal Blade Vortex",瓦尔.飞刃风暴
"Vaal Blight",瓦尔.枯萎
"Vaal Breach",瓦尔.裂隙
"Vaal Burning Arrow",瓦尔.燃烧箭矢
"Vaal Caustic Arrow",瓦尔：腐蚀箭矢
"Vaal Clarity",瓦尔.清晰
"Vaal Cleave",瓦尔：劈砍
"Vaal Cold Snap",瓦尔.霜暴
"Vaal Cyclone",瓦尔.旋风斩
"Vaal Detonate Dead",瓦尔.爆灵术
"Vaal Discipline",瓦尔.纪律
"Vaal Double Strike",瓦尔.双重打击
"Vaal Earthquake",瓦尔.震地
"Vaal Fireball",瓦尔.火球
"Vaal Flameblast",瓦尔.烈焰爆破
"Vaal Flesh Offering",瓦尔.血肉奉献
"Vaal Flicker Strike",瓦尔：闪现打击
"Vaal Glacial Hammer",瓦尔.冰霜之锤
"Vaal Grace",瓦尔.优雅
"Vaal Ground Slam",瓦尔.裂地之击
"Vaal Haste",瓦尔.迅捷
"Vaal Heavy Strike",瓦尔.重击
"Vaal Ice Nova",瓦尔.冰霜新星
"Vaal Immortal Call",瓦尔.不朽怒嚎
"Vaal Impurity of Fire",瓦尔.不净之火
"Vaal Impurity of Ice",瓦尔.不净之冰
"Vaal Impurity of Lightning",瓦尔.不净之雷
"Vaal Lightning Strike",瓦尔.闪电打击
"Vaal Lightning Trap",瓦尔.闪电陷阱
"Vaal Lightning Warp",瓦尔.闪电传送
"Vaal Molten Shell",瓦尔.熔岩护盾
"Vaal Molten Strike",瓦尔：熔岩之击
"Vaal Power Siphon",瓦尔.力量抽取
"Vaal Rain of Arrows",瓦尔.箭雨
"Vaal Reave",瓦尔.冲击波
"Vaal Righteous Fire",瓦尔.正义之火
"Vaal Smite",瓦尔：惩击
"Vaal Spark",瓦尔.电球
"Vaal Spectral Throw",瓦尔.灵体投掷
"Vaal Storm Call",瓦尔.风暴呼唤
"Vaal Summon Skeletons",瓦尔.召唤魔侍
"Vaal Sweep",瓦尔.横扫
"Vaal Venom Gyre",瓦尔：剧毒旋风
"Vaal Volcanic Fissure",瓦尔：火山裂缝
"Vampiric Link",血灵羁绊
Vengeance,复仇
"Venom Gyre",剧毒旋风
"Vigilant Strike",戒备打击
"Viper Strike",毒蛇打击
Vitality,活力
"Void Sphere",虚空法球
"Volatile Dead",灵体火球
"Volcanic Fissure",火山裂缝
"Voltaxic Burst",雷电魔爆
Vortex,漩涡
Vulnerability,脆弱
"Wand Teleport",传送法杖
"War Banner",战旗
"Warlord's Mark",督军印记
"Wave of Conviction",定罪波
"Whirling Blades",回旋之刃
"Wild Strike",野性打击
Wildfire,野火
"Winter Orb",寒冬宝珠
"Wintertide Brand",冬潮烙印
Wither,死亡凋零
"Withering Step",凋零步
Wrath,雷霆
Zealotry,奋锐光环
"Avenging Flame",复仇之焰
"Bone Corpses",骸骨灵柩
"Flip a coin",抛出一枚硬币
"Gravity Sphere",重力法球
"Play Dead!",装死！
"Playtest Attack",无穷之击
"Playtest Slam",无穷猛击
"Playtest Spell",无穷法术
"Prismatic Burst",棱光魔爆
Quickstep,疾步
"Roll Over!",打滚！
Sit!,坐下！
"Stance Swap",切换姿态
"Summon Barrel",召唤木桶
"Summon Elemental Relic",召唤元素遗物
"Summon Sentinel of Radiance",召唤光辉哨兵
"Summon Spirit of Ahuana",召唤阿华纳之魂
"Summon Spirit of Akoya",召唤阿寇亚之魂
"Summon Spirit of Ikiaho",召唤伊基阿霍之魂
"Summon Spirit of Kahuturoa",召唤卡胡图罗阿之魂
"Summon Spirit of Kaom",召唤冈姆之魂
"Summon Spirit of Kiloava",召唤基洛瓦之魂
"Summon Spirit of Maata",召唤玛塔之魂
"Summon Spirit of Rakiata",召唤拉其塔之魂
"Summon Spirit of Tawhanuku",召唤陶哈努库之魂
"Summon Spirit of Utula",召唤尤图拉之魂
"Summon Triggerbots",召唤触发机器人
"Vaal Absolution",瓦尔：赦罪
"Vaal Animate Weapon",瓦尔：幻化武器
"Vaal Arctic Armour",瓦尔：极地装甲
"Vaal Domination",瓦尔：霸气之击
"Vaal Firestorm",瓦尔：烈炎风暴
"Vaal Ice Shot",瓦尔：冰霜射击
"Vaal Lightning Arrow",瓦尔：闪电箭矢
"Vaal Reap",瓦尔：赤炼收割
"Vaal Rejuvenation Totem",瓦尔：回春图腾
"Vaal Split Arrow",瓦尔：分裂箭矢
"Who's a Good Doggy?",谁是好狗狗？
"Spray Paint Celestial",喷洒众星颜料
"Spray Paint Magmatic",喷洒熔岩颜料
"Spray Paint Blood",喷洒青碧颜料
"Ground Slam of Earthshaking",震地之裂地之击
"Cleave of Rage",怒火之劈砍
"Leap Slam of Groundbreaking",破土之震地跃击
"Double Strike of Impaling",穿刺之双重打击
"Double Strike of Momentum",动量之双重打击
"Dual Strike of Ambidexterity",巧手之双持打击
"Frenzy of Onslaught",猛攻之狂怒
"Caustic Arrow of Poison",剧毒之腐蚀箭矢
"Detonate Dead of Scavenging",掠命之爆灵术
"Detonate Dead of Chain Reaction",连锁之爆灵术
"Flicker Strike of Power",强能之闪现打击
"Split Arrow of Splitting",分裂之分裂箭矢
"Cold Snap of Power",强能之霜暴
"Ice Nova of Frostbolts",寒冰弹之冰霜新星
"Ice Nova of Deep Freeze",深寒之冰霜新星
"Arc of Surging",激涌之电弧
"Arc of Oscillating",震荡之电弧
"Raise Zombie of Slamming",猛击之魔卫复苏
"Raise Zombie of Falling",殒命之魔卫复苏
"Righteous Fire of Arcane Devotion",尊法之正义之火
"Discharge of Misery",苦难之解放
"Spark of the Nova",新星之电球
"Spark of Unpredictability",无常之电球
"Ice Spear of Splitting",分裂之冰矛
"Raise Spectre of Transience",瞬息之召唤灵体
"Infernal Blow of Immolation",献祭之炼狱之击
"Glacial Hammer of Shattering",碎冰之冰霜之锤
"Viper Strike of the Mamba",曼巴之毒蛇打击
"Summon Skeletons of Archery",射艺之召唤魔侍
"Summon Skeletons of Sorcery",巫术之召唤魔侍
"Dominating Blow of Inspiring",奋发之霸气之击
"Rain of Arrows of Artillery",炮击之箭雨
"Rain of Arrows of Saturation",饱和之箭雨
"Firestorm of Meteors",陨星之烈炎风暴
"Firestorm of Pelting",碎焰之烈炎风暴
"Lightning Strike of Arcing",弧光之闪电打击
"Power Siphon of the Archmage",大法师之力量抽取
"Lightning Arrow of Electrocution",电殛之闪电箭矢
"Burning Arrow of Vigour",气焰之燃烧箭矢
"Bear Trap of Skewers",钉刺之捕熊陷阱
"Fire Trap of Blasting",震爆之火焰陷阱
"Ethereal Knives of Lingering Blades",徘徊之虚空匕首
"Ethereal Knives of the Massacre",狂戮之虚空匕首
"Ball Lightning of Orbiting",周转之天雷之珠
"Ball Lightning of Static",静滞之天雷之珠
"Cyclone of Tumult",嚣狂之旋风斩
"Reave of Refraction",折射之冲击波
"Lightning Trap of Sparking",火花之闪电陷阱
"Animate Guardian of Smiting",惩击之幻化守卫
"Spectral Throw of Materialising",具化之灵体投掷
"Animate Weapon of Self Reflection",自省之幻化武器
"Animate Weapon of Ranged Arms",远程之幻化武器
"Flameblast of Celerity",敏捷之烈焰爆破
"Flameblast of Contraction",聚火之烈焰爆破
"Barrage of Volley Fire",齐发之弹幕
"Summon Raging Spirit of Enormity",凶恶之召唤愤怒狂灵
"Flame Surge of Combusting",爆燃之怒焰奔腾
"Molten Strike of the Zenith",天顶之熔岩之击
"Tornado Shot of Cloudburst",穿云之龙卷射击
"Lightning Tendrils of Eccentricity",离心之电能释放
"Lightning Tendrils of Escalation",增幅之电能释放
"Blink Arrow of Bombarding Clones",轰炸复制体之闪现射击
"Blink Arrow of Prismatic Clones",棱光复制体之闪现射击
"Mirror Arrow of Bombarding Clones",轰炸复制体之魅影射击
"Mirror Arrow of Prismatic Clones",棱光复制体之魅影射击
"Summon Chaos Golem of Hordes",结群之召唤混沌魔像
"Summon Chaos Golem of the Maelström",混渊之召唤混沌魔像
"Summon Ice Golem of Hordes",结群之召唤寒冰魔像
"Summon Ice Golem of Shattering",碎冰之召唤寒冰魔像
"Summon Flame Golem of Hordes",结群之召唤烈焰魔像
"Summon Flame Golem of the Meteor",陨星之召唤烈焰魔像
"Ice Crash of Cadence",错落之寒冰冲击
"Flame Dash of Incinerating",焚烧之烈焰冲刺
"Flame Dash of Return",归返之烈焰冲刺
"Frost Blades of Katabasis",冥域之冰霜之刃
"Wild Strike of Extremes",极限之野性打击
"Ice Trap of Hollowness",空洞之冰冻陷阱
"Galvanic Arrow of Energy",聚能之电光箭
"Galvanic Arrow of Surging",浪涌之电光箭
"Bladefall of Volleys",连绵之虚空刀雨
"Bladefall of Impaling",穿刺之虚空刀雨
"Frost Bomb of Instability",动荡之寒霜爆
"Frost Bomb of Forthcoming",延时之寒霜爆
"Summon Stone Golem of Hordes",结群之召唤巨石魔像
"Summon Stone Golem of Safeguarding",卫护之召唤巨石魔像
"Earthquake of Amplification",增幅之地震
"Contagion of Subsiding",痼疾之瘟疫
"Contagion of Transference",转移之瘟疫
"Essence Drain of Desperation",绝望之灵魂吸取
"Essence Drain of Wickedness",邪门之灵魂吸取
"Siege Ballista of Splintering",分叉之攻城炮台
"Sunder of Earthbreaking",裂地之大地震击
"Vortex of Projection",投射之漩涡
"Blight of Contagion",传染之枯萎
"Blight of Atrophy",萎缩之枯萎
"Blade Flurry of Incision",割痕之刀刃乱舞
"Summon Lightning Golem of Hordes",结群之召唤闪电魔像
"Lacerate of Butchering",痛宰之破空斩
"Lacerate of Haemorrhage",血涌之破空斩
"Scorching Ray of Immolation",焚灭之灼热光线
"Blade Vortex of the Scythe",巨镰之飞刃风暴
"Spectral Shield Throw of Shattering",碎裂之灵盾投掷
"Volatile Dead of Confinement",拘束之灵体火球
"Volatile Dead of Seething",沸燃之灵体火球
"Cremation of Exhuming",掘灭之火葬
"Cremation of the Volcano",火山之火葬
"Bodyswap of Sacrifice",牺牲之灵体转换
"Tectonic Slam of Cataclysm",灾变之破釜一击
"Explosive Trap of Shrapnel",破片之爆炸陷阱
"Explosive Trap of Magnitude",剧烈之爆炸陷阱
"Lightning Spire Trap of Zapping",震荡之电塔陷阱
"Lightning Spire Trap of Overloading",超载之电塔陷阱
"Seismic Trap of Swells",膨胀之震波陷阱
"Consecrated Path of Endurance",强韧之奉献之路
"Smite of Divine Judgement",圣裁之惩击
"Scourge Arrow of Menace",威胁之天灾之箭
"Toxic Rain of Sporeburst",孢子迸发之毒雨
"Toxic Rain of Withering",凋零之毒雨
"Storm Brand of Indecision",无定之风暴烙印
"Shattering Steel of Ammunition",备弹之破碎铁刃
"Armageddon Brand of Volatility",无常之末日烙印
"Armageddon Brand of Recall",回溯之末日烙印
"Purifying Flame of Revelations",启示之净化烈焰
"Soulrend of Reaping",收割之裂魂术
"Soulrend of the Spiral",螺旋之裂魂术
"Bane of Condemnation",罪罚之混沌之毒
"Divine Ire of Holy Lightning",神雷之圣怨
"Divine Ire of Disintegration",瓦解之圣怨
"Holy Flame Totem of Ire",怒焰之圣焰图腾
"Bladestorm of Uncertainty",无定之剑刃风暴
"Perforate of Duality",对偶之凿击
"Perforate of Bloodshed",喋血之凿击
"Frostblink of Wintry Blast",冰爆之冰霜闪现
"Summon Carrion Golem of Hordes",结群之召唤腐化魔像
"Summon Carrion Golem of Scavenging",敛骸之召唤腐化魔像
"Pyroclast Mine of Sabotage",破坏之火屑地雷
"Icicle Mine of Fanning",扩散之冰锥地雷
"Icicle Mine of Sabotage",破坏之冰锥地雷
"Shrapnel Ballista of Steel",刚刃之散射弩炮
"Stormbind of Teleportation",传送之缚雷之纹
"Rune Blast of Teleportation",传送之爆裂符纹
"Kinetic Bolt of Fragmentation",碎裂之念动飞箭
"Blade Blast of Unloading",倾泻之乱剑穿心
"Blade Blast of Dagger Detonation",轰匕之乱剑穿心
"Penance Brand of Dissipation",辐照之忏悔烙印
"Penance Brand of Conduction",传导之忏悔烙印
"Earthshatter of Fragility",脆弱之尖刺战吼
"Earthshatter of Prominence",涌升之尖刺战吼
"Void Sphere of Rending",撕碎之虚空法球
"Crackling Lance of Branching",分叉之霹雳长枪
"Crackling Lance of Disintegration",瓦解之霹雳长枪
"Splitting Steel of Ammunition",备弹之分裂钢刃
"Lancing Steel of Spraying",飞射之断金之刃
"Glacial Cascade of the Fissure",裂隙之冰川之刺
"Hexblast of Contradiction",悖论之魔蛊爆炸
"Hexblast of Havoc",浩劫之魔蛊爆炸
"Exsanguinate of Transmission",传输之赤炼魔光
"Rage Vortex of Berserking",狂暴之怒火漩涡
"Absolution of Inspiring",奋发之赦罪
"Blade Trap of Greatswords",巨剑之剑刃陷阱
"Blade Trap of Laceration",裂伤之剑刃陷阱
"Forbidden Rite of Soul Sacrifice",祭魂之禁断典仪
"Storm Rain of the Conduit",引雷之暴雨箭
"Storm Rain of the Fence",栅篱之暴雨箭
"Shield Crush of the Chieftain",酋长之盾牌碾压
"Summon Reaper of Revenants",亡魂之召唤追命死灵
"Summon Reaper of Eviscerating",裂骨之召唤追命死灵
"Boneshatter of Complex Trauma",重创之七伤破
"Boneshatter of Carnage",不坏之七伤破
"Explosive Concoction of Destruction",毁灭之爆破灵药
"Eye of Winter of Finality",暮冬之凛冬之眼
"Eye of Winter of Transience",瞬息之凛冬之眼
"Lightning Conduit of the Heavens",苍穹之闪电通道
"Galvanic Field of Intensity",剧烈之电流场
"Frozen Legion of Rallying",集结之冰封军团
"Volcanic Fissure of Snaking",蜿蜒之火山裂缝
"Summon Dark Effigy",召唤黑暗塑像
Barkskin,树肤术
"Penance Mark",忏悔印记
Affliction,折磨
Pacify,宁心
Ravenous,贪噬
"Elemental Hit of the Spectrum",光谱之元素打击
"Ice Shot of Penetration",贯穿之冰霜射击
"Incinerate of Expanse",蔓延之烧毁
"Incinerate of Venting",泄火之烧毁
"Kinetic Blast of Clustering",集束之力量爆破
"Summon Holy Relic of Conviction",定罪之召唤圣物
"Artillery Ballista of Cross Strafe",交叉扫射之火力弩炮
"Artillery Ballista of Focus Fire",锁定打击之火力弩炮
"Poisonous Concoction of Bouncing",弹跃之毒爆灵药
"Tornado of Elemental Turbulence",元素激变之龙卷旋风
"Transform into Mimic",变形成拟态储物箱
Automation,自动化
"Call to Arms",武装召唤
"Summon Sacred Wisps",召唤圣洁鬼灵
"Summon an image of Beidat, Archangel of Death",召唤死亡天使贝达特的影像
"Summon an image of K'tash, the Hate Shepherd",召唤憎恨牧者科塔席的影像
"Summon Demon Beast",召唤兽魔
"Summon Demon Harpy",召唤鸟魔
"Summon Demon Imp",召唤劣魔
"Summon Pale Angel",召唤苍白神侍
"Summon Pale Cherubim",召唤苍白圣侍
"Summon Pale Servitor",召唤苍白圣使
"Abyssal Apparition",深渊幻象
"Acidic Concoction",酸性灵药
"Alchemist's Boon",炼金师的恩典
"Ancestral Spirits",先祖之灵
"Ancestral Warrior Totem",先祖战士图腾
Archmage,大法师
"Armour Breaker",摧甲重击
"Armour Piercing Rounds",贯甲弹药
Attrition,持久鏖战
"Axe Slash",斧挥砍
"Barrier Invocation",屏障咒言
"Basic Attack",基础攻击
"Basic Bolt",基础弩箭
Battershout,震撼战吼
"Bind Spectre",束缚灵体
"Black Powder Blitz",黑火药闪击
Blasphemy,诅咒光环
"Blazing Lance",烈燃之枪
"Bleeding Concoction",创伤灵药
Blink,闪现
"Blood Boil",血沸
"Blood Hunt",猎血寻腥
"Bloodhound's Mark",血犬印记
"Bloodhound's Mark Explosion",血犬印记爆炸
"Bone Blast",针刺爆发
"Bone Cage",画地为牢
"Bone Explosion",钙质爆破
"Bone Shrapnel Explosion",钙质碎片爆破
Bonebreaker,七伤裂
Bonestorm,尖刺风暴
"Bow Shot",弓射击
Brambles,荆刺
"Burning Inscription",燃烧铭文
BurningNova,燃烧新星
"Burst Shot",爆发射击
"Bursting Fen Toad",爆裂沼蟾
"Called Shots",言出箭随
Caltrops,铁蒺藜
"Cast on Block",格挡时施放
"Cast on Charm Use",使用咒符时施放
"Cast on Critical",暴击时施放
"Cast on Death",被击败时施放
"Cast on Dodge",躲闪时施放
"Cast on Elemental Ailment",元素异常状态时施放
"Cast on Freeze",冻结时施放
"Cast on Ignite",点燃时施放
"Cast on Melee Kill",近战击败时施放
"Cast on Melee Stun",近战击晕时施放
"Cast on Minion Death",召唤生物被击败时施放
"Cast on Shock",感电时施放
"Cast when Damage Taken",受伤时施放
"Cast when Stunned",被晕眩时施放
"Cast while Channelling",吟唱时施放
"Chaos Bolt",混沌箭
"Chaotic Surge",混沌涌动
"Charge Infusion",能量灌输
"Charged Shockwave",充能震波
"Charged Staff",充能杖
"Claw Stab",爪突刺
"Cluster Grenade",集束榴弹
"Combat Frenzy",战斗狂怒
Comet,彗星落
"Command: {0} ","号令：{0} "
"Companion: {0}",伙伴：{0}
"Compose Requiem",谱写镇魂曲
"Consume Corpse",消耗灵盒
Convalescence,康复
"Crackling Palm",霹雳掌
Crater,陨坑
"Crossbow Shot",战弩射击
"Cull the Weak",终结弱者
"Curse on Block",格挡时诅咒
"Dagger Stab",匕首突刺
"Dark Effigy",黑暗塑像
"Death From Above",天降制裁
"Death Storm",陨落风暴
Decompose,降解
"Demon Form",走火入魔
"Detonating Arrow",爆破箭
"Direct Minions",指示召唤生物
Disengage,退避三舍
"Doedre's Dark Design",德瑞的黑暗设计
"Electrocuting Arrow",电殛箭
"Elemental Conflux",元素汇流
"Elemental Discharge",元素解放
"Elemental Expression",元素表现
"Elemental Invocation",元素祈求
"Elemental Siphon",元素虹吸
"Elemental Storm",元素风暴
"Elemental Sundering",元素碎裂
"Elemental Surge",元素涌动
"Ember Fusillade",灰烬连射
"Emergency Reload",紧急装填
"Encase in Jade",青玉囚笼
"Enervating Nova",衰颓新星
Enrage,激怒
"Escape Shot",逃脱射击
"Explosive Demise",烈火牺牲
"Explosive Grenade",高爆榴弹
"Explosive Shot",爆炸射击
"Explosive Spear",爆破战矛
"Falling Thunder",霹雳闪
"Fangs of Frost",刺骨寒冰
"Ferocious Roar",凶蛮咆哮
"Fiery Death",炽灭
"Fire Bomb",火焰炸弹
"Fire Spell on Melee Hit",近战击中时火焰法术
Firebolt,火焰弹
"Flail Strike",连枷打击
"Flame Pillar",烈焰之柱
"Flash Grenade",闪光榴弹
"Forge Hammer",锻造之锤
"Fortifying Cry",坚韧战吼
"Fragmentation Rounds",碎裂弹药
"Freezing Explosion",冰爆
"Freezing Mark",冰冻印记
"Freezing Nova",冰冻新星
"Freezing Salvo",冻结齐射
"Freezing Shards",急冻碎片
"Freezing Word",冰冻指令
"Frost Darts",冰霜飞镖
"Frozen Locus",冰凌座
"Fulminating Concoction",雷鸣灵药
Fulmination,轰鸣烈焰
"Furious Slam",狂怒猛击
Future-Past,未来的过去
"Gale Force",飓风之力
"Galvanic Shards",电光散射
"Gas Arrow",瓦斯之箭
"Gas Grenade",瓦斯榴弹
"Gathering Storm",聚风雨
"Gemini Surge",双灵涌动
Generosity,和善
"Ghost Dance",幽灵舞步
"Glacial Bolt",冰川弩箭
"Glacial Lance",冰川长枪
"Grim Feast",饕餮飨宴
"Grim Resurrection",饕餮复活
"Grisly Pyre",恐怖燃炎
Haemocrystals,赤炼水晶
"Hailstorm Rounds",冰雹弹药
"Hammer of the Gods",诸天之锤
"Hand of Chayula",夏乌拉之手
"Heart of Ice",冰雪之心
"Herald of Plague",荒芜之捷
"High Velocity Rounds",高速弹药
"His Dark Horizon",幽暗视域
"His Foul Emergence",邪恶涌现
"His Grave Command",坟茔命令
"His Scattering Calamity",撒播血祸
"His Vile Intrusion",恶念侵染
"His Winnowing Flame",涤荡烈焰
"Hydra Familiar",九头蛇使魔
Hypothermia,急冻
"Ice Armour",冰霜护甲
"Ice Bomb",寒冰炸弹
"Ice Fragments",冰霜碎片
"Ice Shard",冰屑
"Ice Shards",冰屑
"Ice Strike",幽寒打
"Ice-Tipped Arrows",冰尖箭矢
Impale,贯穿
Impurity,不净
"Incendiary Shot",燃烧射击
"Incendiary Siege Cascade",燃烧摧城倾泻
"Incendiary Siege Cascade Ammo",燃烧摧城倾泻弹药
"Inevitable Agony",命定苦痛
"Into the Breach",投身裂隙
"Iron Ward",钢铁看守
"Killing Palm",终结掌
"Life Remnants",生命残片
"Lightless Stalker",暗光潜行者
"Lightning Rod",引雷针
"Lightning Spear",闪电战矛
"Lightning Storm",闪电风暴
"Lingering Illusion",徘徊幻影
"Living Bolt",活体箭矢
"Living Bomb",活动炸弹
"Living Lightning",活体闪电
"Load Armour Piercing Rounds",装填贯甲弹药
"Load Explosive Shot",装填爆炸射击
"Load Fragmentation Rounds",装填碎裂弹药
"Load Galvanic Shards",装填电光散射
"Load Glacial Bolt",装填冰川弩箭
"Load Hailstorm Rounds",装填冰雹弹药
"Load High Velocity Rounds",装填高速弹药
"Load Ice Shards",装填冰屑
"Load Incendiary Shot",装填燃烧射击
"Load Permafrost Bolts",装填永冻弩箭
"Load Plasma Blast",装填离子轰击
"Load Rapid Shot",装填快速射击
"Load Shockburst Rounds",装填震爆弹药
"Load Siege Cascade",装填摧城倾泻
"Load Stormblast Bolts",装填轰雷弩箭
"Mace Strike",锤打击
"Magma Barrier",岩浆屏障
"Magma Spray",岩浆溅射
"Magnetic Salvo",磁性齐射
Malice,怨毒
"Mana Drain",魔力吸取
"Mana Flare",魔力耀斑
"Mana Remnants",魔力残片
"Mana Tempest",魔力风暴
"Manifest Weapon",显化武器
"Mantra of Destruction",毁灭之兆
"Mark as prey",标记为猎物
Maul,重殴
Meditate,凝神思
"Mirage Archer",幻影射手
"Molten Blast",熔岩爆裂
"Mortar Cannon",迫击大炮
"Oil Grenade",黏油榴弹
"Overwhelming Presence",压迫气场
"Pain Offering",苦痛奉献
Parry,招架
"Perfect Strike",完美一击
"Permafrost Bolts",永冻弩箭
"Phantasmal Arrow",幻灵箭
"Pinnacle of Power",力量巅峰
"Plague Burst",灾难爆发
"Plasma Blast",离子轰击
"Poisonburst Arrow",毒爆箭
"Power Shot",强能重射
"Primal Strikes",原始打击
"Profane Ritual",不敬之礼
Projectile,投射物
Punch,拳击
"Quarterstaff Strike",节杖打击
"Quill Burst",棘刺爆发
"Raging Spirits",愤怒狂灵
"Raise Shield",架盾
Rake,斜掠
Rampage,横冲直撞
"Rapid Assault",极速进攻
"Rapid Shot",快速射击
"Ravenous Swarm",饕餮虫群
"Reaper's Invocation",收割祈求
Requiem,镇魂曲
"Resonating Shield",共振护盾
"Resonating Slam",共鸣猛击
"Revive Skeleton",复活魔侍
"Rhoa Mount",恐喙鸟坐骑
"Ritual Sacrifice",秘法奉献
"Rolling Slam",轰动猛击
"Runic Tempering",符文淬炼
Sacrifice,替代牺牲
"Scavenged Plating",装甲回收
"Scorching Cleave",灼热劈砍
"Set Shark Bait",设置鲨鱼饵
"Shard Scavenger",碎片回收
"Shattering Concoction",碎冰灵药
"Shattering Palm",冰裂掌
"Shattering Roar",粉碎咆哮
"Shield Wall",盾墙
"Shield Wave",盾护冲击波
"Shockburst Rounds",震爆弹药
"Shockchain Arrow",连环震击箭
"Shockwave Slam",震波猛击
"Siege Cascade",摧城倾泻
"Siphon Elements",汲取元素
"Siphoning Strike",汲能击
"Skeletal Arsonist Minion",魔侍焚焰使召唤生物
"Skeletal Brute Minion",魔侍蛮兵召唤生物
"Skeletal Cleric Minion",魔侍纯洁者召唤生物
"Skeletal Frost Mage Minion",魔侍冰霜法师召唤生物
"Skeletal Reaver Minion",魔侍掠夺者召唤生物
"Skeletal Sniper Minion",魔侍神射手召唤生物
"Skeletal Storm Mage Minion",魔侍风暴法师召唤生物
"Skeletal Warrior Minion",魔侍武士召唤生物
"Skittering Stone",飞掠石
Snap,激变
"Solar Orb",日曜球
"Sorcery Ward",巫术结界
"Soul Offering",心灵奉献
Soulbreaker,破魂者
"Spear of Solaris",日耀之矛
"Spear Stab",战矛突刺
"Spear Throw",战矛飞掷
Spearfield,枪林矛阵
"Spectre: {0} ","灵体：{0} "
"Spinning Inferno",飞旋炽焰
"Spiral Volley",螺旋齐射
"Staggering Palm",惊风掌
Stampede,奔踏
"Stomping Ground Shockwave",震撼大地震波
"Storm Lance",岚舞长枪
"Storm Wave",移风岚
"Stormblast Bolts",轰雷弩箭
"Stormcaller Arrow",唤雷箭
"Summon Ballista Totem",召唤弩炮图腾
"Summon Companion",召唤同伴
"Summon Demon Magus",召唤恶魔术士
"Summon Infernal Hound",召唤炽焰猎犬
"Summon Spell Totem",召唤法术图腾
"Summon Wolf",召唤巨狼
"Supercharged Slam",蓄威神锤
"Supporting Fire",支援火力
"Sword Slash",剑挥砍
"Tame Beast",驯服野兽
"Tawhoa's Vengeance",塔赫亚的复仇
"Temper Weapon",淬炼武器
"Tempest Bell",风雷钟
"Tempest Flurry",风暴乱舞
"Thundergod's Wrath",雷霆神祇之怒
"Thunderous Leap",雷鸣飞跃
"Time Freeze",时间冻结
"Time of Need",紧急时刻
"Time Snap",时间捕捉
"Toggle Mount Minion",开关骑乘召唤生物
"Toxic Domain",毒性领域
"Toxic Growth",剧毒增生
"Trail of Caltrops",铁蒺藜之路
"Triggered Caustic Cloud",触发的腐蚀云雾
Trinity,三位一体
"Unbound Avatar",不羁化身
Unleash,释出
"Valako's Charge",瓦拉克怒冲
"Vaulting Impact",跳跃撞击
"Vile Effusion",恶念倾泻
"Vine Arrow",藤缠箭
"Void Illusion",虚空幻影
"Volcanic Eruption",熔火喷发
"Volcanic Steps",火山踏步
Volcano,火山
"Voltaic Grenade",电涌榴弹
"Voltaic Mark",流电印记
"Voltaic Nova",流电新星
"Wave of Frost",寒霜浪涌
"Whirling Assault",旋风击
"Whirling Slash",回旋挥斩
"Whirlwind Lance",旋风投枪
"Whirlwind Spear",旋风战矛
"Wind Blast",迅风爆
"Wind Dancer",风舞者
"Wind Serpent's Fury",腾蛇之怒
"Wind Wave",劲风波
"Withering Presence",凋零姿态
"Assume Disguise",伪装化形
Autoexertion,自动增助
"Bladefall of Trarthus",特拉特斯之虚空刀雨
"Blast Rain of Trarthus",特拉特斯之爆裂箭雨
"Chain Hook of Trarthus",特拉特斯之钩链攻击
"Crushing Fist",粉碎重拳
"Dark Pact of Trarthus",特拉特斯之暗夜血契
"Divine Retribution",神圣报应
Eviscerate,剔骨
"Fury of the Awakener",觉醒者之怒
"Glacial Shield Swipe",冰川盾袭
"Heavy Strike of Trarthus",特拉特斯之重击
"Ignition Blast",燃烧爆破
"Jet of Flame",烈焰喷射
"Memory of Desire",欲求之回忆
"Memory of Disbelief",怀疑之回忆
"Memory of Familiarity",亲切之回忆
"Memory of Impatience",烦躁之回忆
"Memory of Impulsiveness",冲动之回忆
"Memory of Mocking",嘲弄之回忆
"Memory of Panic",惊恐之回忆
"Memory of Suspicion",猜忌之回忆
"Order: To me!",命令：来我身边！
"Puncture of Shanking",割碎之放血
"Shaper's Despair",塑界者的绝望
"Shaper's Devastation",塑界者的毁灭
"Shaper's Ire",塑界者的怒火
"Siege Ballista of Trarthus",特拉特斯之攻城炮台
"Spectral Helix of Trarthus",特拉特斯之灵幻旋斩
"Spectral Shield Throw of Trarthus",特拉特斯之灵盾投掷
"Spectral Throw of Trarthus",特拉特斯之灵体投掷
Starfall,星辰坠落
"Storm Call of Trarthus",特拉特斯之风暴呼唤
"Summon Shaper Memory",召唤塑界者的记忆
"Summon Skeletons of Archers",射手之召唤魔侍
"Summon Skeletons of Mages",法师之召唤魔侍
"Summon Visiting Harbinger of Focus",召唤降世不屈先驱者
"Summon Visiting Harbinger of the Arcane",召唤降世秘法先驱者
"Summon Visiting Harbinger of Time",召唤降世时空先驱者
"Summon Void Spawn",召唤虚空造物
"Sunder of Trarthus",特拉特斯之震击
Swordstorm,落刃风暴
"Vengeful Cry",复仇咆哮
"Wave of Conviction of Trarthus",特拉特斯之定罪波
"Arm Whack",断臂猛击
"Call the Pyre",苍焰火柱
"Command Graft",号令嫁接
Conflagration,燃火箭雨
"Dance in the White",白霜漫舞
"Enervating Grasp",虚弱之握
"Falling Crystals",天坠冰晶
"Glowing Silhouette",光铸剪影
"Heart of Flame",烈焰之心
"Herald of the Hive",虫群之捷
"His Burning Message",焚世箴言
Icicles,爆裂冰锥
"Kinetic Anomaly",动能异变
"Kinetic Flux",念动紊流
"Kinetic Fusillade",念动齐射
"Kinetic Rain",念动之雨
"Kinetic Rain of Impact",冲击之念动之雨
"Living Lightning Zap",活体闪电箭
"Misty Reflection",迷雾倒影
"Overcharged Sinews",血肉过载
"Preserving Stillness",静谧守恒
"Return to Dust",归于尘土
"Seize the Flesh",攫取血肉
"Somatic Shell",念动壁垒
"Summon Living Lightning",召唤活体闪电
"Summon Spectral Tiger",召唤幽虎
"Tender Embrace",温柔之拥
"The Great Avalanche",崩塌盛雪
"The Grey Wind Howls",灰风呼号
Thunderburst,雷霆爆裂
Thunderstorm,雷霆风暴
"Violent Desire",暴烈欲望
"Wall of Force",力场之墙
"Ward Shatter",结界爆破
"Will of the Lords",君主意志
Windburst,风爆术
"Wreathed in Light",辉耀加身
"Accelerated Growth",迅猛绽放
"Align Fate",命运同调
Annihilation,湮灭
Apocalypse,天灾
"Arctic Howl",极地战嚎
Briarpatch,荆刺之缚
"Cackling Companions",鬣狗同伴
"Catalysing Discharge",催化迸放
"Coursing Current",奔雷疾走
"Crash Lightning",崩雷闪击
"Creeping Chill",蔓延霜寒
"Cross Slash",双爪劈击
"Deadly Resolve",致命决心
Devour,吞噬
Electromagnetism,电磁力场
"Empowered Sparks",强化火花
Entangle,纠缠
"Eternal Rage",永恒狂怒
"Fan the Flames",煽风点火
"Feral Invocation",野性召唤
"Fiery Reclamation",烈焰征伐
"Fury of the Mountain",山岳之怒
Hailstorm,冰雹风暴
"Kelari's Brutality",凯拉里之残暴
"Kelari's Deception",凯拉里之诡计
"Kelari's Judgment",凯拉里之审判
"Kelari's Malediction",凯拉里之诅咒
"Kelari, the Tainted Sands",凯拉里，污秽沙暴
"Lunar Assault",月痕突袭
"Lunar Blessing",月神赐福
Meteor,陨石
Meteors,陨石群
"Mirage Deadeye",蜃影神射
"Mirror of Refraction",折射之镜
"Molten Crash",熔岩冲击
"Moment of Vulnerability",脆弱瞬间
Moonbeam,月华碎影
"Navira's Calming",纳薇拉之抚
"Navira's Embrace",纳薇拉之拥
"Navira's Fracturing",纳薇拉之裂
"Navira's Oasis",纳薇拉之绿洲
"Navira's Well",纳薇拉之井
"Navira, the Last Mirage",纳薇拉，终末幻影
"Oil Barrage",黏油炮弹
"Poison Spores",毒孢迸溅
Pounce,巨狼猛扑
"Predator's Mark",掠食者印记
"Primal Avatar",荒野化身
Rend,龙爪撕裂
"Ruzhan's Brand",鲁詹之印记
"Ruzhan's Fury",鲁詹之怒火
"Ruzhan's Reckoning",鲁詹之清算
"Ruzhan's Trap",鲁詹之陷阱
"Ruzhan's Zealotry",鲁詹的狂热
"Ruzhan, the Blazing Sword",鲁詹，炽焰之剑
Sandblast,流沙冲击
"Savage Fury",凶蛮怒火
"Shattering Spite",碎裂恶意
Shred,狼爪撕裂
"Spell Totem",法术图腾
"Static Shocks",静电脉冲
"Thrashing Vines",鞭笞藤蔓
"Walking Calamity",灾厄行者
"Wing Blast",烈风吹袭
"Wolf Pack",狼群
"Blazing Glare",炽燃怒视
"Bursting Toad",爆裂蟾蜍
"Caustic Retribution",腐汁复仇
"Ceaseless Flesh",无尽血肉
"Charged Dash of Projection",投射之蓄力疾风闪
Cinders,烬火
"Creeping Frost of Floes",浮冰之电光寒霜
"Divine Blast",神圣冲击
Fissure,裂地
"Flamethrower Trap of Stability",稳定之掷火陷阱
Foulgrasp,邪秽之握
"Frost Wall of Encroachment",侵袭之冰墙
"Holy Hammers",神圣之锤
"Holy Strike",神圣打击
"Holy Sweep",神圣横扫
"Kinetic Fusillade of Detonation",引爆之念动齐射
Mesmerize,魅惑
"Orb of Storms of Squalls",狂风之风暴旋涡
"Return to Mirage Portal",返回沙海幻境时空之门
"Rings of Light",圣光之环
"Searing Bond of Detonation",引爆之灼热连接
"Shield of Light",光明之盾
"Shock Nova of Procession",加护之闪电新星
"Shockwave Totem of Authority",统御之震波图腾
"Siphoning Trap of Pain",痛苦之虹吸陷阱
"Static Strike of Gathering Lightning",聚雷之充能打击
"Storm Burst of Repulsion",抗拒之裂风雷球
"Summon Hiveborn",召唤裂隙虫群
"Suspend in Time",时空凝滞
"Tears of Rot",腐朽之泪
"Void Shockwave",虚空震波
Voidstorm,虚空风暴
